,Price_Yield_Improved,Price_Yield_Hybrid,Price_Yield_Local,Price_Improved,Price_Hybrid,Price_Local
Price_Yield_Improved,0.9999999999999999,0.3338804128297352,0.26232128070165783,-0.5890606757978052,-0.20358966967692224,-0.1825504500560412
Price_Yield_Hybrid,0.3338804128297352,1.0000000000000002,0.24810224649911064,-0.24297989492414027,-0.5320230188322328,-0.131160601441353
Price_Yield_Local,0.26232128070165783,0.24810224649911064,0.9999999999999999,-0.292778949096479,-0.18041341159170032,-0.7935405642653657
Price_Improved,-0.5890606757978052,-0.24297989492414027,-0.292778949096479,1.0,0.17191703830913294,0.28833254491933846
Price_Hybrid,-0.20358966967692224,-0.5320230188322328,-0.18041341159170032,0.17191703830913294,1.0,0.34263773240421075
Price_Local,-0.1825504500560412,-0.131160601441353,-0.7935405642653657,0.28833254491933846,0.34263773240421075,1.0000000000000002
