,Yield_Improved,Yield_Hybrid,Yield_Local,Price_Improved,Price_Hybrid,Price_Local
Yield_Improved,1.0,0.2592943071648824,0.3044073238135817,0.1921376952943879,0.17238299907434299,0.08803031459035299
Yield_Hybrid,0.2592943071648824,1.0000000000000002,0.23651263288680502,0.12669875866712058,-0.1212586234885039,-0.148146224735031
Yield_Local,0.3044073238135817,0.23651263288680502,0.9999999999999999,0.22755060353476725,0.019344127226212822,0.2995631089832382
Price_Improved,0.1921376952943879,0.12669875866712058,0.22755060353476725,1.0,0.17191703830913294,0.28833254491933846
Price_Hybrid,0.17238299907434299,-0.1212586234885039,0.019344127226212822,0.17191703830913294,1.0,0.34263773240421075
Price_Local,0.08803031459035299,-0.148146224735031,0.2995631089832382,0.28833254491933846,0.34263773240421075,1.0000000000000002
