,Yield_Improved,Yield_Hybrid,Yield_Local,Price_Improved,Price_Hybrid,Price_Local
Yield_Improved,224.26773167692815,55.932926608480344,66.07155222455386,9.442622853683027,17.69695095465972,8.36682822110661
Yield_Hybrid,55.932926608480344,207.48291133218387,49.37663924632924,5.989081157741223,-11.973591031806816,-13.543376716661236
Yield_Local,66.07155222455386,49.37663924632924,210.06419550159163,10.823075325460174,1.9219663394230289,27.555579596518413
Price_Improved,9.442622853683027,5.989081157741223,10.823075325460174,10.769445515107638,3.867552452006117,6.005311512562591
Price_Hybrid,17.69695095465972,-11.973591031806816,1.9219663394230289,3.867552452006117,46.993873093258976,14.907369306926146
Price_Local,8.36682822110661,-13.543376716661236,27.555579596518413,6.005311512562591,14.907369306926146,40.280087655759175
